0 32
0 2
0 3
0 36
0 9
0 10
0 11
0 34
0 16
0 17
0 19
0 25
0 29
0 30
0 31
1 2
1 3
1 4
1 5
1 7
1 8
1 9
1 10
1 39
1 13
1 16
1 17
1 19
1 21
1 23
1 31
1 28
1 30
1 37
2 3
2 4
2 5
2 6
2 9
2 11
2 13
2 14
2 19
2 20
3 35
3 38
3 9
3 11
3 13
3 14
3 16
3 17
3 19
3 27
3 29
3 31
4 16
4 32
4 6
4 7
4 10
4 18
4 13
4 15
5 34
5 37
5 6
5 9
5 13
5 14
5 15
5 16
5 17
5 18
5 19
5 21
5 24
5 31
6 33
6 7
6 8
6 9
6 10
6 12
6 15
6 17
6 19
6 21
6 25
6 36
7 35
7 8
7 9
7 10
7 12
7 13
7 15
7 16
7 18
7 19
7 24
7 36
8 16
8 18
8 9
8 12
8 13
8 14
9 10
9 12
9 13
9 15
9 16
9 17
9 35
9 23
10 12
10 16
11 17
11 36
11 12
11 18
11 15
12 32
12 14
12 15
12 17
12 18
12 19
12 24
13 14
13 17
13 19
13 21
13 25
13 27
13 37
14 18
14 15
15 33
15 34
15 16
15 17
15 19
15 39
16 18
16 19
17 32
17 18
17 19
17 20
17 28
18 33
18 38
18 25
18 28
20 32
20 33
20 37
20 38
20 39
20 34
20 21
20 22
20 23
20 25
20 26
20 31
21 35
21 36
21 33
21 39
21 22
21 23
21 24
21 25
21 38
21 28
21 29
21 30
21 37
22 32
22 33
22 36
22 38
22 24
22 25
22 26
22 27
22 28
22 31
23 32
23 34
23 33
23 39
23 25
23 28
23 29
23 31
24 32
24 34
24 35
24 38
24 26
24 29
24 30
25 33
25 27
25 37
25 39
25 38
25 30
25 31
26 33
26 35
26 36
26 38
26 39
26 28
26 29
26 30
26 31
27 33
27 34
27 36
27 39
27 28
27 29
27 30
27 31
28 34
28 35
28 36
28 38
28 33
28 39
28 30
28 31
29 32
29 34
29 37
29 38
29 33
29 39
29 35
29 30
30 34
30 35
30 36
30 37
30 32
30 39
30 31
31 34
31 38
31 39
31 35
32 33
32 35
32 38
33 34
33 35
33 36
33 37
33 39
34 35
34 36
34 38
35 39
36 39
